0.375 0.21428571428571427 0.2727272727272727 workclass_?
0.6425233644859814 0.5629477993858751 0.6001091107474087 workclass_Private
0.656 0.656 0.656 workclass_Local-gov
0.6363636363636364 0.45751633986928103 0.532319391634981 workclass_Self-emp-not-inc
0.7083333333333334 0.5230769230769231 0.6017699115044248 workclass_State-gov
0.6904761904761905 0.6904761904761905 0.6904761904761905 workclass_Federal-gov
0.7573529411764706 0.8174603174603174 0.7862595419847327 workclass_Self-emp-inc
1.0 1.0 1.0 workclass_Without-pay
1.0 1.0 1.0 workclass_Never-worked
0.4669811320754717 0.3055555555555556 0.3694029850746269 education_HS-grad
0.5948275862068966 0.5073529411764706 0.5476190476190476 education_Some-college
0.6609808102345416 0.7061503416856492 0.6828193832599119 education_Bachelors
0.0 0.0 0.0 education_11th
0.8524590163934426 0.8125 0.8319999999999999 education_Doctorate
0.8735632183908046 0.926829268292683 0.8994082840236686 education_Prof-school
0.6382978723404256 0.45454545454545453 0.5309734513274336 education_Assoc-acdm
0.16666666666666666 0.0625 0.09090909090909091 education_10th
0.0 0.0 0.0 education_9th
0.5925925925925926 0.4155844155844156 0.48854961832061067 education_Assoc-voc
1.0 1.0 1.0 education_1st-4th
1.0 0.0 0.0 education_5th-6th
0.8058252427184466 0.8258706467661692 0.8157248157248157 education_Masters
0.6666666666666666 0.2222222222222222 0.3333333333333333 education_7th-8th
0.0 0.0 0.0 education_12th
1.0 1.0 1.0 education_Preschool
0.6615384615384615 0.6461307287753568 0.6537438236412011 marital-status_Married-civ-spouse
0.4666666666666667 0.13725490196078433 0.21212121212121213 marital-status_Never-married
0.5777777777777777 0.2549019607843137 0.35374149659863946 marital-status_Divorced
0.6666666666666666 0.1 0.1739130434782609 marital-status_Widowed
0.5 0.16666666666666666 0.25 marital-status_Separated
1.0 0.14285714285714285 0.25 marital-status_Married-spouse-absent
1.0 0.5 0.6666666666666666 marital-status_Married-AF-spouse
0.375 0.21428571428571427 0.2727272727272727 occupation_?
0.5684210526315789 0.5294117647058824 0.5482233502538072 occupation_Adm-clerical
0.4634146341463415 0.3275862068965517 0.3838383838383838 occupation_Transport-moving
0.4852941176470588 0.3473684210526316 0.40490797546012275 occupation_Craft-repair
0.3333333333333333 0.3333333333333333 0.3333333333333333 occupation_Machine-op-inspct
0.7168831168831169 0.7282321899736148 0.7225130890052356 occupation_Exec-managerial
0.2222222222222222 0.07142857142857142 0.10810810810810811 occupation_Other-service
0.7428571428571429 0.731457800511509 0.7371134020618557 occupation_Prof-specialty
0.6627218934911243 0.5743589743589743 0.6153846153846153 occupation_Sales
0.7142857142857143 0.5833333333333334 0.6422018348623854 occupation_Tech-support
0.5 0.09523809523809523 0.16 occupation_Handlers-cleaners
0.5 0.13043478260869565 0.20689655172413793 occupation_Farming-fishing
1.0 1.0 1.0 occupation_Priv-house-serv
0.7073170731707317 0.6590909090909091 0.6823529411764706 occupation_Protective-serv
1.0 1.0 1.0 occupation_Armed-Forces
0.664069264069264 0.6429170159262364 0.6533219761499148 relationship_Husband
0.0 0.0 0.0 relationship_Own-child
0.6428571428571429 0.16071428571428573 0.2571428571428572 relationship_Unmarried
0.5303030303030303 0.20710059171597633 0.29787234042553196 relationship_Not-in-family
1.0 0.1111111111111111 0.19999999999999998 relationship_Other-relative
0.6482758620689655 0.7014925373134329 0.6738351254480287 relationship_Wife
0.6582077716098335 0.5828651685393258 0.6182495344506517 race_White
0.625 0.4878048780487805 0.547945205479452 race_Black
0.3333333333333333 0.3333333333333333 0.3333333333333333 race_Other
0.6153846153846154 0.5333333333333333 0.5714285714285715 race_Asian-Pac-Islander
1.0 1.0 1.0 race_Amer-Indian-Eskimo
0.6584362139917695 0.5979073243647235 0.6267136701919311 sex_Male
0.6309523809523809 0.452991452991453 0.527363184079602 sex_Female
0.6595576619273301 0.5770559778852798 0.6155547364541099 native-country_United-States
0.6923076923076923 0.8181818181818182 0.7500000000000001 native-country_India
0.48148148148148145 0.5416666666666666 0.5098039215686274 native-country_?
1.0 1.0 1.0 native-country_El-Salvador
0.3333333333333333 0.3333333333333333 0.3333333333333333 native-country_South
1.0 0.0 0.0 native-country_Puerto-Rico
0.75 0.375 0.5 native-country_Mexico
0.6666666666666666 0.5 0.5714285714285715 native-country_Canada
0.5384615384615384 0.7 0.608695652173913 native-country_Philippines
0.75 0.42857142857142855 0.5454545454545454 native-country_Germany
0.5 1.0 0.6666666666666666 native-country_France
1.0 0.75 0.8571428571428571 native-country_Jamaica
0.8 0.5714285714285714 0.6666666666666666 native-country_Cuba
0.5 0.6666666666666666 0.5714285714285715 native-country_Iran
1.0 1.0 1.0 native-country_Scotland
0.5 0.5 0.5 native-country_Greece
1.0 1.0 1.0 native-country_Laos
1.0 0.0 0.0 native-country_Nicaragua
0.8 0.8 0.8000000000000002 native-country_Italy
1.0 1.0 1.0 native-country_Guatemala
1.0 1.0 1.0 native-country_Trinadad&Tobago
1.0 1.0 1.0 native-country_Vietnam
1.0 0.0 0.0 native-country_Haiti
0.0 0.0 0.0 native-country_Yugoslavia
1.0 1.0 1.0 native-country_Poland
0.5 0.5 0.5 native-country_Japan
0.0 1.0 0.0 native-country_Columbia
0.5 0.6666666666666666 0.5714285714285715 native-country_Taiwan
0.6666666666666666 0.3333333333333333 0.4444444444444444 native-country_England
1.0 1.0 1.0 native-country_Ireland
0.6666666666666666 0.6666666666666666 0.6666666666666666 native-country_China
1.0 1.0 1.0 native-country_Portugal
0.0 1.0 0.0 native-country_Dominican-Republic
1.0 1.0 1.0 native-country_Outlying-US(Guam-USVI-etc)
1.0 1.0 1.0 native-country_Peru
1.0 0.0 0.0 native-country_Cambodia
1.0 1.0 1.0 native-country_Honduras
1.0 0.0 0.0 native-country_Hong
1.0 1.0 1.0 native-country_Thailand
1.0 1.0 1.0 native-country_Hungary
1.0 0.5 0.6666666666666666 native-country_Ecuador
